2000 2000
9755 3889
9760 6159
2368 9471
3887 3247
6636 32
346 6015
6024 9318
6760 3391
808 2181
480 707
8938 5789
841 5535
428 8599
620 2882
5956 5889
4591 2316
5599 1709
2530 335
467 1467
9292 1418
477 3890
2046 4748
2596 8763
4784 333
1573 290
2211 3885
5130 4558
8852 940
393 6361
9861 5098
4561 5939
3009 3773
2433 969
8770 2585
7252 1797
4785 7596
4701 349
667 7053
9595 9228
2631 5455
8836 1300
7527 726
7940 7951
4559 3473
6570 6728
467 7442
2170 4442
9731 6744
4699 9485
8498 1999
6606 6171
4911 8395
6185 3101
5547 7319
448 3693
5450 7680
3659 6154
5523 6097
2603 7815
8517 5502
9081 2766
9736 1803
4611 8460
8977 9542
1209 6032
8297 7273
4929 2981
6672 4697
8760 1283
5612 2531
5852 6333
5374 2687
8485 8149
5985 1209
6114 8784
2832 8688
4002 8937
979 3134
4629 5597
221 3676
1942 2800
2653 4493
8797 7618
7361 8497
9822 9920
7653 5129
7591 6564
1394 3870
4846 7563
9173 8650
1526 3115
1050 3782
3024 1198
7560 7655
2409 3769
9097 560
5610 4486
643 5095
6495 3035
4978 9008
8637 5636
1756 7204
5441 6875
6979 8369
8373 7412
7383 7412
5079 5683
5339 6513
9174 8771
5360 9095
697 7132
4572 6824
7606 5167
9198 4448
8882 42
2773 8311
4723 2840
7033 4787
2356 8744
971 7643
9354 4811
5859 6526
3209 8897
6661 3752
8645 9221
5334 13
1206 2874
8385 9990
485 9578
7780 4701
6241 6660
7038 6378
492 1937
5729 7767
8498 8960
5886 9629
7074 4816
9543 8514
4519 5268
6259 757
5094 3746
9531 9527
4738 4250
1316 8020
490 7522
5486 6692
4984 5101
1112 8731
8678 6073
4075 2285
7824 2592
1254 1905
824 3635
403 4093
2078 2692
5010 4720
8351 4085
6850 2685
43 8813
9280 2394
1174 6972
1769 5591
5944 7607
9044 4820
5655 3912
6806 2347
8949 1486
5001 205
4085 9882
8404 1733
3140 7989
9999 5099
1136 6078
6268 547
3685 8719
1453 6432
3841 1376
6348 2934
1025 3408
7050 6477
730 1232
8954 6522
66 6270
9827 3379
7603 821
3798 8403
3151 4941
5738 7284
6237 473
4560 507
3385 6890
6544 6860
1898 1314
2373 477
7387 5415
3698 7724
1681 9380
9493 4472
3368 2580
722 3927
9311 2274
1715 3560
7610 5701
6255 3551
8066 9411
4216 82
4938 5338
3640 2909
3489 7847
5405 5928
8846 8460
9924 1591
9742 4782
5117 5545
6371 6639
8268 8558
401 2019
6381 2639
9452 9576
9473 9144
7111 7024
2093 4535
6086 4279
998 5710
4840 1075
2201 3404
4666 716
560 1516
5307 3737
4709 35
2354 276
1500 383
965 1195
890 7764
9014 2767
693 5892
2525 2200
9996 8370
9988 1716
5508 7042
4192 250
1879 957
2234 9946
8821 4274
7121 2805
8452 8361
4425 128
5856 6444
4562 7793
1795 6852
9658 9460
3764 3967
1126 3195
857 3693
4846 9739
874 487
1190 8384
4217 6173
3765 7844
4145 9249
5525 3619
2805 4706
9232 6365
5733 2827
5263 464
2976 3036
7484 6217
4188 3404
7343 339
7683 3796
2810 2020
6680 7381
5576 621
4529 181
2250 2937
1895 6249
2381 2886
4799 768
9752 155
6526 7711
440 6414
3609 5333
1363 8511
584 6849
7984 7306
8000 2335
3217 9904
6024 6581
4996 7888
8461 7890
5638 360
2128 6052
3241 1922
3213 5930
1729 1831
2766 4182
3927 82
4773 3203
9074 1312
2372 6742
4858 4059
9039 4710
4304 4501
2518 968
5740 3280
7056 9269
8425 247
4567 365
7589 4394
6569 4306
5539 5304
4286 5690
2303 1041
7509 7682
7221 8998
4682 1930
5522 6019
4057 5262
6359 6831
8492 1838
3032 8974
3885 1709
4889 4576
2925 8367
1565 7327
1904 6580
5797 9982
1875 8597
5132 4252
2041 3458
3810 2150
9748 8597
7681 239
905 8252
3883 3150
5134 4575
2366 9933
1197 9611
2257 7293
3627 7724
1300 3144
9936 8603
547 1687
6446 4291
2505 8460
1218 5548
4273 1388
5378 2328
8047 9160
2384 4409
5676 388
4804 787
2192 7794
7280 3909
6354 184
2090 1669
6741 1424
5233 8825
7906 6249
5 955
3752 7997
2187 3041
2328 9262
5585 2961
6177 2017
4871 1821
7455 4841
5665 4995
6313 1623
8115 381
5644 5050
750 391
1791 9479
5238 5563
1309 7534
5491 5698
6733 9151
8224 1784
6529 531
1209 5502
6929 2010
6671 4836
740 9702
6300 8243
6278 1171
376 8714
5823 3432
2678 1579
7941 4531
8162 5538
7885 878
6558 806
4127 7946
5606 6743
4353 8798
6167 7321
2448 2138
8834 3361
6279 7234
6306 3181
9741 9871
8759 9298
3656 4086
8521 3631
9810 8369
6411 7886
2265 305
5024 1702
1247 1150
9106 3627
7761 4163
2836 9859
3067 3576
9924 99
4265 7255
3313 3515
2823 9777
4569 8785
5225 9727
2969 9849
3214 9728
4697 2415
2844 7066
6704 143
3441 4778
155 2072
8399 492
7907 5641
7100 427
9832 4837
9930 4985
9997 5666
7743 1378
3200 6650
6702 7199
4709 7411
4826 7736
8409 3645
3912 7026
8265 6425
932 6201
8014 7992
3159 5330
1157 8320
7003 1399
8589 9441
2391 8713
3872 3768
7929 3031
1535 6770
291 246
5159 9572
1131 4103
4443 5919
966 3294
5244 7156
8946 6677
8141 9360
3691 2737
7098 8560
6772 6341
6472 5278
3071 4159
6939 8063
3242 6629
8168 3655
2491 7267
9108 3467
1522 2270
941 180
1269 6670
8119 3096
8839 7486
3396 3279
4558 523
2028 5462
6573 5383
7760 5062
5470 2562
630 9410
9873 2589
8073 8497
6633 820
1736 5228
1733 2372
6999 8771
1504 2470
3456 416
8244 8138
9411 4405
3016 9296
8032 9441
9267 6493
3692 3398
5083 3697
5667 7348
615 5262
5339 4318
8298 6694
2601 9603
2728 1696
3942 9694
9711 6289
5789 6038
9857 8226
9298 5044
2096 388
3696 7513
3593 6698
7160 9042
4430 6887
3894 1592
9545 3058
6107 6956
309 1112
4764 8272
9632 8742
6501 4024
7023 3102
6252 7150
3547 6292
7375 4344
7734 3470
6329 5459
2415 8567
3366 8754
1748 6890
8985 1311
6088 3030
6730 4055
9494 4301
894 5117
9652 7744
730 601
6429 9492
7055 2547
181 7198
4372 5359
5956 1999
5473 3682
3108 1991
9860 3919
928 5346
1401 5348
5320 5234
9101 5057
4935 9832
151 8220
1326 782
2102 9032
5877 7603
1957 1368
3964 3316
993 5985
4810 5655
6353 8460
9339 7242
5497 1326
5330 1453
4868 2886
8606 3095
8740 2905
7063 1193
5030 4569
2419 5763
210 181
3534 8299
3689 1550
1305 3571
8096 2890
3534 4962
6942 9802
531 6219
6865 4541
6455 2312
4851 8435
5363 5434
9356 2455
651 3687
8505 2069
1489 3664
8594 8736
6270 5353
5734 514
3522 8408
9295 2549
5890 3724
9876 3172
7627 7775
8626 2084
9465 9542
1454 213
5511 2192
4194 831
7313 3683
1698 7937
8296 8680
4587 7749
4379 9537
7604 2564
3827 5945
4916 7593
5667 8979
7928 8295
3520 8624
9684 1907
8193 9149
1395 6540
8795 4956
9348 9185
1300 8926
9581 6313
8359 3339
84 6013
1945 2213
5844 6847
678 1253
1067 7459
3228 926
5676 4437
335 1514
7046 6470
8753 4695
9599 5095
8401 4330
7633 5825
4556 6995
3562 1985
3634 315
8029 9608
6589 3153
7874 7568
9949 108
6851 4242
6244 5073
8237 3806
2003 6908
3083 9929
4445 6748
7053 164
4474 2087
762 1514
9480 1366
6785 3185
5055 1705
4684 5845
9549 5307
7066 1210
4707 3832
3110 3036
8088 4210
9438 3327
6897 8221
8007 8540
2563 2666
6188 8922
9122 1039
7281 1631
6131 4815
2231 7521
555 5138
788 6822
1053 3541
5464 4234
2802 7137
4805 9696
118 7453
1297 5425
3375 9315
9811 8689
9737 3264
3026 8054
6350 4810
4328 3572
2055 7944
1643 6042
2967 3822
7475 2396
9967 4758
9268 8527
8948 1451
4615 6400
7376 8990
3715 321
8370 4684
6805 5339
533 4109
2748 1375
3388 8352
6120 9827
5849 9298
9984 9994
620 9283
9298 7355
7018 1405
1425 8431
7144 5922
9896 3006
9705 1482
5791 8727
3019 9201
6396 398
4611 8346
5193 9984
7591 5660
5920 8802
8364 9253
8986 9551
4401 8793
1149 9368
7014 6968
9502 3453
6308 5558
6325 5394
6873 7394
6998 8550
6101 1913
7056 5145
1429 8504
757 999
8041 7429
6077 7446
4981 6392
4123 5822
4314 8911
6257 1757
5391 5703
9234 3362
7291 6280
7471 9331
4640 8222
2353 1230
1610 5611
7509 3785
4811 6090
7008 4987
6450 7449
6449 6725
5282 650
5505 2612
9365 972
3274 6894
7446 4888
387 9351
8681 4645
2724 8873
248 1830
5863 1328
4249 3426
4817 4619
9361 8676
1671 469
1534 6772
8000 5636
7347 7372
762 2293
957 1558
3585 9643
8734 7858
3257 1672
6091 3896
1666 6778
7971 224
338 9658
3241 7685
860 6606
666 7089
4355 7962
9121 3809
9433 900
158 1536
8446 3150
7651 211
4426 3101
1857 8528
6512 7429
644 9692
2703 9651
5308 7923
6731 1134
7775 4947
4989 7903
1564 8285
9920 7460
655 4529
5107 796
6567 8113
1281 9918
3730 7359
6586 8908
7301 3952
9778 3295
8498 4296
5766 3470
348 1637
2313 975
2611 3135
6631 6742
3404 9953
916 5502
1358 1994
4092 2439
4808 4967
9985 9933
4523 5753
9520 8639
8129 9642
6126 2708
9264 421
458 4812
9136 4253
199 1234
6777 1734
18 5540
222 7173
4480 7127
1373 9876
694 5435
7944 3927
1157 7854
6852 2342
4988 4512
5724 528
7804 438
9071 5511
7292 7234
4390 6788
5877 303
5483 7986
1484 2960
6667 5151
4362 8804
9405 2170
4623 7398
5505 14
1568 823
7476 6888
8248 3756
9426 3280
688 1977
8965 5012
9190 3223
6538 2913
6039 6257
6882 5601
8479 1727
6390 5180
6450 2793
4968 5229
7131 6058
33 6480
8779 5837
3761 9969
3066 2774
3146 5133
4961 1233
2197 4204
9347 4733
9481 6980
9301 4897
8823 9786
1772 8004
8957 9005
3587 5221
5258 6923
2274 7778
2957 7352
7280 2711
3490 4606
7121 7585
4080 9324
4065 827
3954 1655
5214 8607
4550 4406
3346 1043
1621 8794
1313 793
8425 7893
7222 4149
2649 8026
7178 2032
2208 8127
2980 1762
5514 6102
8099 5537
7793 431
3938 1439
2910 2404
2787 6838
1756 2416
8252 70
5420 2714
6662 7798
6944 8197
9406 4889
8874 4619
1233 1576
4017 9829
5444 6140
1707 8899
1503 3418
5182 1163
4523 8646
8699 8833
2755 3470
4945 7363
1732 9882
7014 6995
9063 8594
6216 8968
2379 1621
9977 5249
6631 9975
7744 8256
9237 9098
8248 1080
1584 7094
1794 9506
8789 4194
1273 1123
1221 2049
8645 60
3729 1156
3130 452
3577 9153
396 5705
7306 2532
4441 8920
7168 8707
7769 1083
6934 5275
9926 1675
2304 5068
5218 9537
6993 7297
5691 9544
9180 9089
5448 7745
1028 5113
2534 2670
5612 2363
7750 2939
8742 2843
5665 191
4320 3062
9616 841
5506 4074
9371 6607
8069 3238
6974 5860
2214 1037
9536 1543
8696 5829
4054 1018
2728 6875
2633 8439
9937 9888
7148 6987
2120 2707
7591 2901
3530 7455
4211 3692
7212 5538
1638 3232
5531 5790
6360 5479
5919 5049
3564 9001
5456 1288
4970 7217
8185 1732
2933 4804
237 3892
8433 3633
1987 3206
9071 9466
5862 1631
8034 4220
7550 7425
5324 966
9788 6063
4903 9848
5475 1110
7940 4346
2679 3226
9621 307
3223 2239
5061 4098
7538 3429
6808 7380
3558 9152
2899 3340
4981 4092
7925 3689
5583 4207
9966 7700
6113 2313
523 9891
6772 1376
1962 6538
3927 4233
8144 1051
1934 2507
8367 4309
2732 9034
4584 4069
579 60
1174 8990
5836 9399
1775 4440
4289 8647
350 8000
1047 695
4122 9770
1689 3975
1717 8387
1505 9152
4961 3472
8076 4033
4471 1557
3474 9708
8637 510
7080 8356
1074 6627
8191 275
6286 8250
7420 9798
3004 303
1846 124
1548 3086
8556 4786
7500 1423
5325 1944
6371 5025
2259 6884
7224 9029
675 3883
4587 6651
9999 5884
7651 860
1134 5389
1994 4871
7036 900
3931 9334
4414 8073
8613 4295
9131 5060
8815 6230
1053 7129
2774 2057
5944 4758
4630 420
9498 369
6813 237
6100 995
1168 7184
4707 9172
9759 6866
592 1995
255 8437
674 1083
7717 3367
6773 1867
2646 5524
9484 8404
5984 7898
3962 4945
9413 2983
2010 6681
1813 2571
8646 7912
1871 6731
3041 5781
7366 762
2117 8875
1056 5786
8868 1825
177 2436
8912 9730
5161 2233
867 6915
1411 5565
3409 9667
1238 1928
8380 8560
4884 6171
9950 7618
8029 2696
5925 9210
1846 1233
5137 8690
7193 5826
4359 7692
3585 482
185 7748
4549 1831
2076 1928
8843 4089
7749 2177
5083 2855
7251 2671
2167 6424
6511 5226
2686 9705
8700 6092
3965 3427
793 172
5358 1574
4666 1116
1577 952
5835 381
1800 1723
6463 5784
6362 8488
9737 5841
8858 9276
1590 4573
8445 9309
5364 9019
5266 4463
8254 6583
1872 6710
9254 3353
2514 713
5481 2947
2416 8445
1621 5700
9640 7418
6770 3313
3362 6164
9000 1922
1444 3600
550 6183
6345 2915
4355 8184
2051 154
5763 3816
5502 1838
8600 1175
472 4364
4819 823
137 1382
3349 904
5260 789
8391 9924
2633 8044
6840 7848
437 3231
9970 2027
9360 5288
3778 1296
2799 6481
6593 281
8661 1153
8313 1972
3929 7855
346 4858
8067 6454
7513 2607
6258 353
2791 7740
2844 624
93 4576
9500 2289
9196 5365
7059 2874
8389 1301
7413 5216
3758 1758
4947 6468
8485 4207
9330 7012
1167 2174
9414 6202
3541 3218
394 7774
1527 3878
1904 215
8109 7416
9878 8732
1872 395
4294 9499
6311 8195
1571 7199
3728 650
2789 3235
7318 665
1321 4535
3880 4126
7613 2644
3228 2760
321 3341
8328 4858
8334 7142
4952 2915
9531 3699
2452 3204
1204 3899
1404 2969
7997 2899
8099 1568
5320 2183
9450 1468
4039 2382
4056 7877
5892 660
6382 8688
9649 3428
8649 7900
8200 1187
8380 117
4559 2325
8104 6110
8129 84
232 8890
1332 389
5169 7730
8437 6918
2068 7794
2637 6045
2240 77
3588 9515
2780 4780
4563 827
8336 1841
5061 1170
6847 6600
6925 4248
8908 2130
4774 7823
3001 2778
3203 1637
9342 9687
722 4838
9493 4223
360 4602
932 1524
6497 5569
8908 1308
2237 5297
6168 7053
9070 8476
6058 8715
981 9773
3431 9830
3850 3315
3251 2631
4513 8857
3419 7162
6710 4457
5138 3450
5351 7588
333 6784
1534 4196
2694 8027
4869 2210
5911 1104
332 8746
3879 8727
5218 650
5954 9393
1243 5890
7800 6330
7655 3616
1143 2847
3873 1565
9031 2537
4406 9512
3800 4017
535 6771
4218 2990
6236 2328
5702 2056
1389 5559
5137 1072
9714 9460
1500 6314
8681 2882
149 5428
473 5120
8772 3365
6606 406
6 243
2496 3497
4267 5850
1641 8604
3228 33
7771 115
8457 7398
2018 1473
6203 1669
4576 2978
3845 5274
5105 7313
9166 4697
7034 7920
2578 2036
6660 5311
7075 1945
5746 3313
6007 6464
9188 8465
4531 4617
3287 437
8351 1220
1401 4125
4335 7402
486 9908
2900 5223
6826 5996
6764 4404
9440 6261
5489 5082
3830 1187
6639 2882
4473 4117
6506 9631
5566 5569
5526 9303
3423 9065
4279 5908
6158 2461
194 8178
5688 6201
5420 70
3665 1491
523 3148
5998 7475
294 2479
9689 7724
8270 3613
826 1046
8116 7729
7366 5318
123 696
173 74
5393 2935
5683 827
2719 549
8229 5350
3076 9730
4898 5688
5729 552
7727 2794
2189 586
9640 133
6031 3694
3869 6963
2861 1805
6551 8102
1896 3087
7244 2400
5224 1361
2116 6287
1443 1159
2258 6547
9758 6170
9374 5465
4447 6666
3133 7236
8404 6986
6689 4349
279 1286
5590 428
7593 1232
3460 3912
8217 5033
2613 2593
762 7962
4556 9972
7291 8631
9162 1773
6842 3397
5363 8153
2305 4011
3941 1573
4108 4994
9817 6293
1083 9359
3934 1999
4934 6042
9981 3450
3990 2407
4755 4178
3228 4716
7574 3283
2898 2059
2441 7631
190 8592
877 2538
5571 2642
9836 9324
9822 1118
8934 7684
3015 6623
7111 7383
6027 6673
1506 4499
1830 6557
2281 484
8961 4759
9839 8829
5575 9457
4881 1861
2351 2705
2187 5617
7220 146
84 8115
8280 6909
9576 2306
9795 9661
6472 8924
5680 2661
8771 6078
1923 7652
293 6708
2710 2964
6420 6654
5748 1308
6908 4803
6019 1138
6288 6930
382 662
5443 804
129 1545
9513 7374
309 7013
2571 54
5862 9421
1609 8484
4298 4621
4265 4400
4473 7175
6989 6669
4388 2249
3643 1652
2577 8998
483 8484
5423 1600
6720 421
6158 7552
5264 4705
365 9432
7111 6649
2689 9745
5025 3183
4749 8630
2057 3299
1841 875
6269 2235
6926 6019
1034 7746
95 1439
1474 983
2194 6613
9334 7945
6504 1833
4755 6381
9790 9125
9912 6797
4091 841
451 8083
7603 4774
8661 140
7158 2796
6394 310
2546 9782
1829 4522
8229 8684
1067 454
3715 5549
2213 24
1179 2440
7951 7530
6045 9235
8393 9515
5002 3269
8071 3657
2749 3256
706 6433
1395 5531
5842 594
4085 4168
546 91
1170 9528
2221 1137
6300 248
5752 2878
3852 8907
6906 6955
3012 9904
6699 7052
7179 7180
2225 7673
6583 656
2550 6117
7746 6038
4429 9563
314 392
1932 5905
1733 4485
3257 9915
2088 8954
8300 7486
1201 2132
5093 2653
7604 199
9425 9457
5222 9771
4453 3491
6985 5161
1535 2649
8010 7483
7222 8893
6775 3916
4373 3749
7215 881
7966 7926
7729 5037
3805 1762
4994 3314
8058 3517
4125 7803
8565 277
9649 6341
360 2522
6620 9647
1093 8703
8710 2194
7515 8262
5135 8456
2356 6783
7692 9828
6128 7461
1012 75
3008 8479
625 1221
3237 8441
958 1344
3807 4349
4097 8198
6151 6981
9368 3398
7205 9320
6044 4881
1962 4298
7261 7319
7655 8329
6679 1960
7917 8175
1509 5722
2268 6838
2371 170
4630 3737
3508 3390
1135 6163
8562 8208
9250 7556
4495 9458
1003 5485
9449 2865
8371 787
1015 7465
9743 1037
1939 6352
3537 2
3551 1088
6967 7894
2736 5949
8423 584
9695 4619
556 5290
1537 4089
4433 2258
7930 9547
5154 7637
732 8876
6903 8232
8566 3571
7795 3688
9423 4794
4407 1910
8352 9862
3829 8596
9713 9990
3826 672
5461 4481
4575 9047
5529 6842
443 7324
5795 9353
1231 4641
9369 2625
4399 9999
4901 764
6357 6817
1934 6417
6850 6962
4045 4876
187 6845
2762 1322
5799 2427
8107 1134
440 2260
7624 5233
310 8524
7565 7692
6456 8364
1203 1691
3691 1509
7758 2190
3505 1723
3515 9987
4128 4433
2548 2067
7589 9245
1795 3078
8759 1520
2607 5563
8899 2257
1505 9627
8322 6903
2578 7557
3452 4409
3349 8322
6091 4920
3073 5827
2086 7729
4189 8963
9551 4772
4612 4473
4413 2481
3198 361
8591 9247
6461 9182
9398 8028
4196 1648
1306 4146
7804 7639
4146 2869
4274 8328
4187 6834
7165 4326
5776 3536
969 3080
8749 5399
3111 4198
955 6996
3205 2820
1081 1924
6580 6386
8296 8320
9565 4615
3563 46
9110 8854
208 5697
9516 3031
2790 4173
63 9104
8108 213
7446 6918
6076 9711
9625 8985
801 830
2190 4482
6520 3213
5397 6131
486 5793
9841 4782
4105 4832
5945 9667
4563 8493
4943 7091
4908 2043
7756 2648
813 6267
7722 9351
1840 6852
2866 2660
5295 2492
5689 8796
7421 5103
226 6847
596 8697
9257 1403
8629 5705
7402 2095
1110 5754
7000 3029
5609 7697
5198 3301
1446 5081
8771 5342
9121 2574
7584 7430
970 3040
347 2618
526 2316
271 9210
7737 5505
6753 6901
1936 7365
9644 189
3694 8711
79 3230
2937 9208
3179 3493
4159 5183
8853 9898
6971 9793
6852 7306
9087 7527
7797 6100
2139 3434
8390 512
3973 6655
4224 9475
4830 4689
659 9863
9754 9294
1487 6093
7676 1223
8749 8313
4523 734
6556 1499
2026 2630
7747 7575
3529 8178
5088 871
8417 5805
9256 168
3621 249
6190 6380
4644 2294
7348 8872
3175 3711
9810 238
6613 8615
2501 3819
8354 647
6545 2941
3790 4434
1501 646
80 5119
8145 7719
3393 8858
222 4840
6523 851
8402 435
5664 1166
7576 8729
6602 7770
8913 8513
9992 2887
618 60
2352 8889
3072 4623
3742 7196
5776 5698
1802 8792
7618 9463
8102 6276
9030 4377
4710 3279
8568 8596
1908 2405
8103 1731
5111 3129
7664 2505
9932 8917
1450 6879
7637 617
8384 4900
2276 7503
1302 4270
9666 9631
7475 7729
7785 2811
5451 6198
119 8160
1885 6528
3557 517
6791 9187
9669 9597
6190 7739
4399 4770
9011 6277
8218 9517
2324 7320
7299 9052
7139 97
350 1431
4812 3979
8106 7622
3713 9200
4057 9603
2525 6015
7304 5759
4089 8997
6156 2629
5367 824
7780 6384
2752 993
2119 456
4836 5430
6739 1478
4076 4789
7332 1186
3786 8298
2234 7107
5171 2734
9180 1922
1731 391
3032 9534
7377 5893
7787 6177
3039 9896
2718 6853
6021 9738
1155 80
669 4868
3033 8618
2976 3710
4099 3829
7397 1206
7916 4891
8680 8853
9932 6475
1185 674
4019 4281
5132 4377
2365 3065
6815 7139
5289 8135
8304 5422
4308 3340
6790 3361
3655 3196
6101 7748
2416 1266
5571 5109
8150 8737
7833 350
7063 3284
2349 1071
5191 8226
5784 8390
9890 2054
435 9495
1465 1379
6783 5919
8436 2383
9156 9368
7961 9811
8648 7731
6942 9169
8278 5314
7481 5105
4787 5145
9433 4911
6441 8345
3926 3353
6145 880
4589 7938
3099 7545
6477 4407
3298 3150
5833 8119
5531 1693
7602 566
6631 7138
2197 7957
1542 6563
2688 4986
9724 5294
9395 5819
9303 6660
5569 8553
3227 4618
1625 5432
2536 3874
2871 1729
2733 8566
7470 7775
7123 9903
8110 1197
2661 8341
8100 3326
6911 1660
732 5933
1085 5519
6600 5111
898 2016
8323 2855
1343 1983
922 5522
30 5979
471 1543
3863 4129
6885 4528
8171 4018
6397 7935
6905 3691
7519 3922
2433 328
8408 4179
3762 4632
7737 8331
580 8041
5157 2516
9469 1751
7422 6384
6897 3444
7576 4655
8008 3853
592 8783
4092 1806
939 9128
5522 5316
6898 5147
4864 7653
7447 9054
1147 3881
4208 9006
2493 5292
7086 8084
5590 295
1125 4454
9060 1328
8305 7555
7758 2265
1896 7010
8007 6489
737 4091
8872 9323
3385 9040
5714 7719
1489 9320
7268 2627
5841 674
8838 2011
5758 9518
7767 2996
9726 8773
6549 3852
8771 3176
8106 3916
5098 7434
3071 1621
2087 8454
382 6365
3404 7742
5676 5596
5831 8957
3542 4548
4020 7814
2206 778
8046 4572
2307 9706
1095 9682
3617 5560
8264 460
8504 4031
464 4751
1679 6032
5514 5609
2276 2668
9969 889
9733 9308
177 4916
6292 8655
6887 517
361 368
3756 4391
8818 6097
5904 1277
9783 6701
9778 8038
1657 3451
8047 6592
7333 7358
9323 8660
3868 653
8820 4537
2465 5220
304 8124
3513 5414
7322 1224
2993 8274
8761 3968
2690 6537
6569 2989
9475 8892
1739 6777
6757 3657
4075 613
426 4131
8593 7054
3514 6577
